100 0.010101
0.000000000000000 0.230200402024280
0.010101010889292 0.247045394476441
0.020202019963702 0.267027238067847
0.030303027223230 0.278163752164224
0.040404041742287 0.290584647944336
0.050505054446461 0.308382677864281
0.060606061705989 0.331250789703075
0.070707068965517 0.360749164734586
0.080808081669691 0.389388443570847
0.090909096188748 0.425775284710410
0.101010108892922 0.462040642464932
0.111111108892922 0.504371987602985
0.121212123411978 0.545181372537309
0.131313137931034 0.590444171530476
0.141414136116152 0.631510335259003
0.151515150635209 0.690001627666407
0.161616165154265 0.733581306665919
0.171717177858439 0.772241290938034
0.181818192377495 0.803692986611352
0.191919192377495 0.830433002883264
0.202020219600726 0.855322125987165
0.212121205081670 0.880859828969516
0.222222219600726 0.904461445126597
0.232323232304900 0.922710843411087
0.242424246823956 0.934754288565914
0.252525259528131 0.944488776868016
0.262626274047187 0.955851375071093
0.272727288566243 0.963386154168890
0.282828274047187 0.962426031210766
0.292929286751361 0.951398971552999
0.303030301270417 0.940211587069476
0.313131315789474 0.925799590469713
0.323232328493648 0.910777718872654
0.333333343012704 0.894897941099374
0.343434355716878 0.874773541031887
0.353535370235935 0.856578083773803
0.363636382940109 0.841378852521239
0.373737370235935 0.826552854154391
0.383838382940109 0.819161255804952
0.393939397459165 0.823047417056190
0.404040410163339 0.833723752745517
0.414141424682396 0.848664539177238
0.424242439201452 0.865415793245355
0.434343451905626 0.882376432136771
0.444444437386570 0.902604363859643
0.454545479128857 0.924489637032844
0.464646466424682 0.947378619074188
0.474747506352087 0.977101349758532
0.484848493647913 1.017338245801531
0.494949479128857 1.052057292831831
0.505050520871143 1.089036420097294
0.515151506352087 1.137726961602128
0.525252548094374 1.189583585795562
0.535353533575318 1.242049140774474
0.545454575317604 1.292924385538763
0.555555562613430 1.343930969386662
0.565656548094374 1.392231555312168
0.575757589836661 1.434736264763156
0.585858575317604 1.473462632588492
0.595959617059891 1.507692179923247
0.606060602540835 1.536204801717975
0.616161644283122 1.560880969941495
0.626262629764065 1.579264379975279
0.636363671506352 1.587682781365395
0.646464656987296 1.587840909533077
0.656565644283122 1.587208763622311
0.666666686025408 1.584656008937036
0.676767671506352 1.575407329320643
0.686868713248639 1.559974245673236
0.696969698729583 1.538746834526897
0.707070740471869 1.511932280145150
0.717171725952813 1.482389823687502
0.727272767695100 1.465358930754750
0.737373753176044 1.455242941860968
0.747474740471869 1.451321833067341
0.757575780399274 1.454977056494928
0.767676767695100 1.462779745941962
0.777777809437387 1.479275891144215
0.787878794918330 1.499129704295078
0.797979836660617 1.500746444637213
0.808080822141561 1.484856842378979
0.818181807622504 1.462995857299042
0.828282849364791 1.437983436518795
0.838383834845735 1.412638805344814
0.848484876588022 1.354454775850288
0.858585863883847 1.298035248044086
0.868686903811252 1.231882425856509
0.878787891107078 1.180920614035954
0.888888876588022 1.121572905902388
0.898989918330309 1.058284322954236
0.909090960072595 0.983297419877716
0.919191889292196 0.915532082890977
0.929292931034483 0.819265142515195
0.939393972776770 0.726755291195745
0.949495014519056 0.638844539576006
0.959595945553539 0.529315707219183
0.969696987295826 0.416144835284917
0.979798027223230 0.285968197377036
0.989898958257713 0.203569961143731
1.000000000000000 0.112661578905848
