뒤뒤뒤뒤
1.099999999990186e+00
2.173993624465746e+00
3.307839448245923e+00
4.400000000799471e+00
뒤앞앞뒤
1.099999999990186e+00
2.199998621119484e+00
3.335126952418849e+00
4.400000000799471e+00

앞앞뒤앞
1.099999971041838e+00
2.199998621119484e+00
3.307839448245923e+00
3.608635058937960e+00

뒤앞뒤뒤
1.099999999990186e+00
2.199998621119484e+00
3.307839448245923e+00
4.400000000799471e+00


2
1 2.613705638880109e+00 3.923100059562012e-02
1 2.613705635070801e+00 3.923100233078003e-02

2.7
 1 2.718220212872235e+00 2.266736454592522e-05
 1 2.718220233917236e+00 2.265962211822625e-05

2.8
 1 2.717065631892757e+00 4.475138325403805e-04
 1 2.717065572738647e+00 4.475355963222682e-04

3
 1 2.704163133995671e+00 5.207513019400256e-03
 1 2.704163074493408e+00 5.207534879446030e-03




실습 input
3
2 4
0.75
0.5 1.0
1.48
1.95
3.73
4.61
2.7
2.7
과제1 input
2 4
0.5 1
1 2
2 3
3 4
4 5
0.6
