400 0.002506
0.000000000000000 0.307556119046649
0.002506265164645 0.311546533872867
0.005012532062392 0.317073923124491
0.007518797227036 0.323661877713177
0.010025062391681 0.330833890691814
0.012531327556326 0.338113552972059
0.015037592720971 0.345024362266744
0.017543859618718 0.351089872207993
0.020050124783362 0.358526891382601
0.022556391681109 0.366164502386005
0.025062656845754 0.373559391032245
0.027568923743501 0.382646010751065
0.030075185441941 0.391901297041536
0.032581452339688 0.402191584231658
0.035087717504333 0.413321056932364
0.037593984402080 0.426605081405462
0.040100249566724 0.443543869800251
0.042606512998267 0.460770493442938
0.045112781629116 0.476616469707578
0.047619045060659 0.513291180861002
0.050125313691508 0.532477244538135
0.052631577123050 0.551947233772502
0.055137845753899 0.586310600112055
0.057644109185442 0.601982476313608
0.060150370883882 0.615576200478704
0.062656641247834 0.643610718939986
0.065162902946274 0.677638686011837
0.067669173310225 0.701873353282239
0.070175435008666 0.722899688317570
0.072681705372617 0.742252139855107
0.075187967071057 0.763383635783446
0.077694237435009 0.781220912100500
0.080200499133449 0.794867391459895
0.082706762564991 0.803879890154026
0.085213031195841 0.811601897352461
0.087719294627383 0.817536681963291
0.090225563258232 0.822667123443874
0.092731826689775 0.827669863895875
0.095238088388215 0.832625743979192
0.097744365684575 0.837814709661276
0.100250627383016 0.842787938705672
0.102756890814558 0.846762495751995
0.105263152512998 0.849144089179421
0.107769415944541 0.850462661480774
0.110275691507799 0.850673630998617
0.112781954939341 0.849581387381293
0.115288216637782 0.847069455398568
0.117794480069324 0.842723799275028
0.120300741767764 0.837103015481920
0.122807019064125 0.831316486900293
0.125313280762565 0.826473521852137
0.127819544194107 0.822104188567371
0.130325805892548 0.819698633722306
0.132832083188908 0.816459014642035
0.135338344887348 0.811433449798047
0.137844608318891 0.802866213145296
0.140350870017331 0.791560082073786
0.142857133448873 0.778358221683885
0.145363409012132 0.765290036367181
0.147869672443674 0.745765796097391
0.150375934142114 0.725549344862392
0.152882197573657 0.705106001090479
0.155388473136915 0.684908539115860
0.157894736568458 0.661401917758478
0.160400998266898 0.636997167294302
0.162907261698440 0.618129652537500
0.165413525129983 0.597697115169224
0.167919800693241 0.579081670611629
0.170426062391681 0.560197375406575
0.172932325823224 0.543449574701773
0.175438587521664 0.528465533780644
0.177944864818024 0.513652251744763
0.180451126516464 0.502447623512421
0.182957389948007 0.494533733915290
0.185463651646447 0.489270502750339
0.187969915077990 0.486971534740288
0.190476190641248 0.485452160912786
0.192982454072790 0.484712418547361
0.195488715771231 0.484644798140641
0.197994979202773 0.484877385125700
0.200501254766031 0.485717134489168
0.203007518197574 0.487555555850711
0.205513779896014 0.491156954125806
0.208020057192374 0.497406485144951
0.210526306759099 0.504877601109303
0.213032582322357 0.512217423230410
0.215538831889081 0.522675803819414
0.218045107452340 0.534176794992046
0.220551383015598 0.545780575147616
0.223057632582322 0.558305551118907
0.225563908145581 0.572432777971901
0.228070157712305 0.600856741698897
0.230576435008666 0.625120771258785
0.233082710571924 0.646732655865252
0.235588960138648 0.674643243190382
0.238095235701906 0.706172149037095
0.240601485268631 0.747649223171020
0.243107760831889 0.778297996603846
0.245614036395147 0.806240005912472
0.248120285961872 0.826235673793466
0.250626561525130 0.842960724665341
0.253132838821490 0.895344246714251
0.255639088388215 0.910200013434032
0.258145363951473 0.924758135729693
0.260651613518198 0.941766250069680
0.263157889081456 0.963329643328043
0.265664164644714 0.984396221615558
0.268170414211439 1.000547736244705
0.270676689774697 1.010386759389185
0.273182939341421 1.018368586269037
0.275689216637782 1.024461934699002
0.278195492201040 1.030525846280420
0.280701741767764 1.035973061243738
0.283208017331023 1.040769026124975
0.285714266897747 1.045232504201757
0.288220542461005 1.047868865934343
0.290726818024263 1.048846847793499
0.293233067590988 1.049788416872137
0.295739344887348 1.050227420612488
0.298245620450607 1.049177698958593
0.300751870017331 1.045653161753613
0.303258145580589 1.039118465632875
0.305764395147314 1.029298357189717
0.308270670710572 1.017528478090097
0.310776946273830 1.005460455952650
0.313283195840555 0.994745634139596
0.315789473136915 0.982865188615178
0.318295720970537 0.969861212628237
0.320801998266898 0.958161871058526
0.323308273830156 0.944449900885539
0.325814523396880 0.930878362700485
0.328320798960139 0.916525235878051
0.330827048526863 0.899295909469469
0.333333324090121 0.883037738106190
0.335839599653380 0.872396655202648
0.338345849220104 0.861184310107683
0.340852126516464 0.849596462291068
0.343358376083189 0.836881952531443
0.345864651646447 0.814164809091888
0.348370927209705 0.787448289759192
0.350877176776430 0.774182005682233
0.353383452339688 0.758896196289025
0.355889727902946 0.742911992188639
0.358395977469671 0.727550598549205
0.360902254766031 0.714133215878912
0.363408504332756 0.703110222834573
0.365914779896014 0.693887257896249
0.368421055459272 0.686704438513974
0.370927305025997 0.681191877195241
0.373433580589255 0.676979826245779
0.375939830155979 0.674090047590982
0.378446105719237 0.672583185705595
0.380952383015598 0.672176750294275
0.383458630849220 0.672705770118741
0.385964908145581 0.674004933765006
0.388471157712305 0.675942760992178
0.390977433275563 0.678948371805326
0.393483708838821 0.682948311551352
0.395989958405546 0.687942734008315
0.398496233968804 0.693931485398156
0.401002509532062 0.701727869918047
0.403508759098787 0.713690018191483
0.406015036395147 0.727527420001688
0.408521285961872 0.742563437906936
0.411027561525130 0.762738928258807
0.413533837088388 0.785931124743818
0.416040086655113 0.807104858379172
0.418546362218371 0.828029513497570
0.421052611785095 0.847336814864844
0.423558887348354 0.880770625454167
0.426065164644714 0.912882238307885
0.428571414211438 0.942014480477339
0.431077663778163 0.967793974174065
0.433583965337955 0.986200299210473
0.436090214904679 1.003120033105705
0.438596464471404 1.021764774713610
0.441102766031196 1.047212140421354
0.443609015597920 1.086631929735506
0.446115265164645 1.120964228247094
0.448621568457539 1.144906866322520
0.451127818024263 1.167736710439941
0.453634067590988 1.195857409853733
0.456140317157712 1.228664006337672
0.458646618717504 1.254073537982832
0.461152868284229 1.271362875114158
0.463659117850953 1.286227672799979
0.466165421143847 1.299343715712784
0.468671668977470 1.310673878101050
0.471177918544194 1.316560381061131
0.473684221837088 1.319936308081377
0.476190471403813 1.322319467249045
0.478696720970537 1.323586416721811
0.481202970537262 1.323614003573701
0.483709272097054 1.322705850933392
0.486215521663778 1.321253314642487
0.488721771230503 1.319115328961052
0.491228074523397 1.316175847373440
0.493734324090121 1.312318823364006
0.496240573656846 1.307428499333457
0.498746875216638 1.301426383232261
0.501253124783362 1.294438032516048
0.503759374350087 1.286487208224984
0.506265675909879 1.277573761240951
0.508771925476603 1.267697980480303
0.511278175043328 1.256859721484864
0.513784424610052 1.244991433747032
0.516290727902946 1.231312810113255
0.518796977469671 1.216142259705631
0.521303227036395 1.200175618923619
0.523809528596187 1.184108863964916
0.526315778162912 1.168637966367277
0.528822027729636 1.152944938692628
0.531328331022530 1.124274878811042
0.533834578856153 1.097929957169272
0.536340828422877 1.076002151849309
0.538847131715771 1.061870591251001
0.541353381282496 1.048666382250736
0.543859630849220 1.034432284306315
0.546365880415944 1.018330188353568
0.548872181975737 1.004620207975473
0.551378431542461 0.989442052543814
0.553884681109185 0.973491693596346
0.556390984402080 0.957465111990708
0.558897233968804 0.942058064907361
0.561403483535529 0.927966607763000
0.563909785095321 0.916061986463649
0.566416034662045 0.904310239195229
0.568922284228770 0.892941110378668
0.571428533795494 0.882250534239666
0.573934835355286 0.872534524222922
0.576441084922010 0.864088879415842
0.578947334488735 0.857184934214542
0.581453637781629 0.851220498397870
0.583959887348354 0.846699782263357
0.586466136915078 0.843622851050178
0.588972438474870 0.841989569620039
0.591478688041594 0.841800003212118
0.593984937608319 0.843054226385473
0.596491240901213 0.845848159369716
0.598997490467938 0.850571666825270
0.601503738301560 0.856735124070554
0.604009987868284 0.863788886381359
0.606516291161179 0.871183388252479
0.609022540727903 0.878368980299767
0.611528790294627 0.884796022458956
0.614035091854419 0.894934754381506
0.616541341421144 0.904844096038659
0.619047590987868 0.915623835492537
0.621553894280763 0.933058795786290
0.624060143847487 0.959854385001228
0.626566393414211 0.985598966418501
0.629072642980936 1.007165556396526
0.631578944540728 1.029036407915171
0.634085194107452 1.047152768110554
0.636591443674177 1.088395265464530
0.639097745233969 1.129741083034741
0.641603994800693 1.152190652650725
0.644110244367418 1.180840805263515
0.646616547660312 1.218171314601629
0.649122797227036 1.250767440181434
0.651629046793761 1.281312040628786
0.654135348353553 1.308033890934212
0.656641597920277 1.340664001465172
0.659147847487002 1.377782124663320
0.661654097053726 1.410772024594212
0.664160400346620 1.441183089766603
0.666666648180243 1.471211611046194
0.669172897746967 1.494932403301023
0.671679201039861 1.514142996908620
0.674185450606586 1.530837329448120
0.676691700173310 1.547824898107367
0.679198001733102 1.568852225710173
0.681704251299827 1.590756423768029
0.684210500866551 1.614397433169611
0.686716750433276 1.626137451366036
0.689223053726170 1.633508201516872
0.691729303292894 1.640038913387885
0.694235552859619 1.646204574785355
0.696741854419411 1.649632408890601
0.699248103986135 1.649739494339324
0.701754353552860 1.648431588643372
0.704260655112652 1.646078579295253
0.706766904679376 1.643049929732823
0.709273154246100 1.639720788522202
0.711779457538995 1.636453796947336
0.714285707105719 1.632861569436518
0.716791956672444 1.628327628388885
0.719298206239168 1.622235771140104
0.721804507798960 1.612381179132083
0.724310757365685 1.593596359691775
0.726817006932409 1.572973193448985
0.729323310225303 1.557614497915504
0.731829559792028 1.554811678423396
0.734335807625650 1.542786816661322
0.736842110918544 1.526586381969481
0.739348360485269 1.508059108159287
0.741854610051993 1.489054003978683
0.744360859618718 1.470115313280029
0.746867161178510 1.448238278019415
0.749373410745234 1.425757561356465
0.751879660311958 1.404238749755540
0.754385963604853 1.384576351549121
0.756892213171577 1.366035568569395
0.759398462738302 1.349720937358564
0.761904764298094 1.332926919356963
0.764411013864818 1.315931955371036
0.766917263431542 1.298300033342682
0.769423564991334 1.280611227412126
0.771929814558059 1.264235448452899
0.774436064124783 1.237960281470918
0.776942313691508 1.207143773454681
0.779448616984402 1.182513761433010
0.781954866551126 1.155958014731575
0.784461116117851 1.134314983078143
0.786967417677643 1.116526915740137
0.789473667244367 1.099128932079787
0.791979916811092 1.084274088028364
0.794486220103986 1.074325211430090
0.796992469670711 1.068621163807662
0.799498717504333 1.065343645425630
0.802005020797227 1.064369363559784
0.804511270363952 1.065575020825977
0.807017519930676 1.068717298394570
0.809523769497400 1.073981913562057
0.812030071057192 1.081149802492735
0.814536320623917 1.089643090538620
0.817042570190641 1.098883688694436
0.819548873483536 1.108293591833846
0.822055123050260 1.127764359278392
0.824561372616984 1.150437419674217
0.827067674176776 1.174059444475361
0.829573923743501 1.203568755106707
0.832080173310225 1.233435436628503
0.834586422876950 1.274455519649055
0.837092724436742 1.310374667936688
0.839598974003466 1.341737404940234
0.842105223570191 1.371600675385073
0.844611526863085 1.410115299081223
0.847117776429809 1.449616576787099
0.849624025996534 1.465862376006499
0.852130327556326 1.474000208397767
0.854636577123050 1.487414604045752
0.857142826689775 1.499921275768019
0.859649129982669 1.515264038962545
0.862155379549393 1.531708649913203
0.864661629116118 1.547521279638632
0.867167876949740 1.560967670442881
0.869674180242634 1.581537228722133
0.872180429809359 1.594041621733155
0.874686679376083 1.596418946654444
0.877192928942808 1.599230727213474
0.879699178509532 1.602168927317257
0.882205533795494 1.604925245256153
0.884711783362218 1.607191789395350
0.887218032928943 1.608660108907091
0.889724282495667 1.609022177018268
0.892230532062392 1.607969962295832
0.894736781629116 1.605195158370205
0.897243136915078 1.598281897946451
0.899749386481802 1.585170128199725
0.902255634315425 1.568112022010569
0.904761883882149 1.547933260379977
0.907268133448873 1.525459654787295
0.909774383015598 1.501516872253692
0.912280632582322 1.483660825693494
0.914786987868284 1.463915522473227
0.917293237435009 1.442649703739865
0.919799487001733 1.420573003978754
0.922305736568457 1.398394908557123
0.924811986135182 1.376824907502141
0.927318235701907 1.356572337062919
0.929824590987868 1.338347115981217
0.932330840554593 1.305153707098341
0.934837090121317 1.272664811425435
0.937343339688042 1.239070088406615
0.939849589254766 1.196606006107434
0.942355838821491 1.150359486817627
0.944862088388215 1.104235551940967
0.947368443674177 1.066828675486505
0.949874693240901 1.028683226311858
0.952380942807626 0.988108190975391
0.954887192374350 0.955356633056937
0.957393441941075 0.926850612425392
0.959899691507799 0.897293094702355
0.962405941074523 0.866601375251452
0.964912296360485 0.834692982433364
0.967418544194108 0.801465374242038
0.969924793760832 0.765838893561325
0.972431043327556 0.728120649155917
0.974937292894281 0.689549136897625
0.977443542461005 0.651362950517029
0.979949897746967 0.614800800243234
0.982456147313692 0.445711721044822
0.984962396880416 0.330227431964525
0.987468646447140 0.276815195276639
0.989974896013865 0.221074143655332
0.992481145580589 0.136544870023490
0.994987395147314 0.090612962003704
0.997493750433276 0.064600387368152
1.000000000000000 0.046599519155413
