30
0.581729715551774
0.527549461774470
0.851175807118125
0.744619638782751
0.184826381148014
0.725542706692067
0.475066665145278
0.484271585482929
0.197386065185128
0.774022054320085
0.303641052560124
0.776382356903923
0.265184973708529
0.754318389277614
0.521623225467920
0.380315967275237
0.368282399853342
0.690459617813758
0.406638616892451
0.677800620243943
0.751433359590010
0.750288633404125
0.087526202150912
0.473009031360561
0.855054315870802
0.461374960876128
0.973896825693373
0.140549151699815
0.505235047727183
0.976846335797745
