100 5.565657
20.000000 59.000000
25.565657 63.317345
31.131313 68.438660
36.696968 71.292931
42.262627 74.476387
47.828285 79.037994
53.393940 84.899055
58.959595 92.459442
64.525253 99.799644
70.090912 109.125534
75.656570 118.420288
81.222221 129.269745
86.787880 139.729126
92.353539 151.329910
97.919189 161.855103
103.484848 176.846329
109.050507 188.015732
114.616165 197.924225
120.181824 205.985245
125.747475 212.838669
131.313141 219.217712
136.878784 225.762985
142.444443 231.812042
148.010101 236.489334
153.575760 239.576050
159.141418 242.070984
164.707077 244.983200
170.272736 246.914352
175.838379 246.668274
181.404037 243.842056
186.969696 240.974747
192.535355 237.280975
198.101013 233.430893
203.666672 229.360931
209.232330 224.203079
214.797989 219.539612
220.363647 215.644073
225.929291 211.844193
231.494949 209.949738
237.060608 210.945755
242.626266 213.682083
248.191925 217.511383
253.757584 221.804703
259.323242 226.151688
264.888885 231.336075
270.454559 236.945236
276.020203 242.811646
281.585876 250.429535
287.151520 260.742188
292.717163 269.640625
298.282837 279.118317
303.848480 291.597626
309.414154 304.888397
314.979797 318.335236
320.545471 331.374481
326.111115 344.447388
331.676758 356.826752
337.242432 367.720642
342.808075 377.646149
348.373749 386.419128
353.939392 393.726868
359.505066 400.051331
365.070709 404.762970
370.636383 406.920593
376.202026 406.961121
381.767670 406.799103
387.333344 406.144836
392.898987 403.774414
398.464661 399.818939
404.030304 394.378387
409.595978 387.505859
415.161621 379.934174
420.727295 375.569183
426.292938 372.976471
431.858582 371.971497
437.424255 372.908325
442.989899 374.908142
448.555573 379.136078
454.121216 384.224579
459.686890 384.638947
465.252533 380.566467
470.818176 374.963531
476.383850 368.552887
481.949493 362.057098
487.515167 347.144623
493.080811 332.684387
498.646484 315.729523
504.212128 302.668091
509.777771 287.457367
515.343445 271.236603
520.909119 252.017578
526.474731 234.649429
532.040405 209.976364
537.606079 186.266235
543.171753 163.734848
548.737366 135.662781
554.303040 106.657265
559.868713 73.293198
565.434326 52.174660
571.000000 28.874985
