400 1.446115
10.000000 66.000000
11.446115 66.856323
12.892231 68.042473
14.338346 69.456215
15.784461 70.995293
17.230576 72.557472
18.676691 74.040497
20.122807 75.342125
21.568922 76.938072
23.015038 78.577065
24.461153 80.163971
25.907269 82.113914
27.353382 84.100052
28.799498 86.308296
30.245613 88.696625
31.691729 91.547310
33.137844 95.182289
34.583958 98.879036
36.030075 102.279503
37.476189 110.149712
38.922306 114.266945
40.368420 118.445107
41.814537 125.819313
43.260651 129.182419
44.706764 132.099564
46.152882 138.115631
47.598995 145.417862
49.045113 150.618500
50.491226 155.130646
51.937344 159.283585
53.383457 163.818298
54.829575 167.646088
56.275688 170.574554
57.721802 172.508591
59.167919 174.165695
60.614033 175.439270
62.060150 176.540237
63.506264 177.613800
64.952377 178.677307
66.398499 179.790833
67.844612 180.858063
69.290726 181.710983
70.736839 182.222061
72.182953 182.505020
73.629074 182.550293
75.075188 182.315903
76.521301 181.776855
77.967415 180.844299
79.413528 179.638107
80.859650 178.396347
82.305763 177.357071
83.751877 176.419434
85.197990 175.903214
86.644112 175.208008
88.090225 174.129547
89.536339 172.291061
90.982452 169.864822
92.428566 167.031769
93.874687 164.227402
95.320801 160.037598
96.766914 155.699249
98.213028 151.312210
99.659149 146.977936
101.105263 141.933533
102.551376 136.696396
103.997490 132.647522
105.443604 128.262802
106.889725 124.268021
108.335838 120.215546
109.781952 116.621552
111.228065 113.406052
112.674187 110.227196
114.120300 107.822739
115.566414 106.124458
117.012527 104.994995
118.458641 104.501648
119.904762 104.175598
121.350876 104.016853
122.796989 104.002342
124.243103 104.052254
125.689224 104.232460
127.135338 104.626976
128.581451 105.399818
130.027573 106.740936
131.473679 108.344200
132.919800 109.919289
134.365906 112.163605
135.812027 114.631660
137.258148 117.121773
138.704254 119.809570
140.150375 122.841202
141.596481 128.940842
143.042603 134.147781
144.488724 138.785583
145.934830 144.775055
147.380951 151.541000
148.827057 160.441772
150.273178 167.018845
151.719299 173.015060
153.165405 177.306030
154.611526 180.895142
156.057648 192.136383
157.503754 195.324356
158.949875 198.448456
160.395981 202.098312
161.842102 206.725708
163.288223 211.246490
164.734329 214.712524
166.180450 216.823929
167.626556 218.536789
169.072678 219.844391
170.518799 221.145676
171.964905 222.314621
173.411026 223.343811
174.857132 224.301651
176.303253 224.867401
177.749374 225.077271
179.195480 225.279327
180.641602 225.373535
182.087723 225.148270
183.533829 224.391922
184.979950 222.989609
186.426056 220.882263
187.872177 218.356506
189.318298 215.766769
190.764404 213.467422
192.210526 210.917938
193.656631 208.127350
195.102753 205.616730
196.548874 202.674210
197.994980 199.761826
199.441101 196.681717
200.887207 192.984390
202.333328 189.495468
203.779449 187.211945
205.225555 184.805832
206.671677 182.319138
208.117783 179.590668
209.563904 174.715683
211.010025 168.982452
212.456131 166.135574
213.902252 162.855316
215.348373 159.425186
216.794479 156.128708
218.240601 153.249405
219.686707 150.883926
221.132828 148.904724
222.578949 147.363327
224.025055 146.180359
225.471176 145.276474
226.917282 144.656342
228.363403 144.332977
229.809525 144.245758
231.255630 144.359283
232.701752 144.638077
234.147858 145.053925
235.593979 145.698914
237.040100 146.557281
238.486206 147.629059
239.932327 148.914215
241.378448 150.587280
242.824554 153.154297
244.270676 156.123734
245.716782 159.350388
247.162903 163.679947
248.609024 168.656876
250.055130 173.200653
251.501251 177.690979
252.947357 181.834229
254.393478 189.008957
255.839600 195.899948
257.285706 202.151581
258.731812 207.683731
260.177948 211.633636
261.624054 215.264526
263.070160 219.265594
264.516296 224.726471
265.962402 233.185760
267.408508 240.553299
268.854645 245.691269
270.300751 250.590439
271.746857 256.625000
273.192963 263.665131
274.639099 269.117889
276.085205 272.828094
277.531311 276.018005
278.977448 278.832642
280.423553 281.264038
281.869659 282.527252
283.315796 283.251709
284.761902 283.763123
286.208008 284.035004
287.654114 284.040924
289.100250 283.846039
290.546356 283.534332
291.992462 283.075531
293.438599 282.444733
294.884705 281.617035
296.330811 280.567596
297.776947 279.279572
299.223053 277.779907
300.669159 276.073700
302.115295 274.160919
303.561401 272.041626
305.007507 269.715790
306.453613 267.168915
307.899750 264.233551
309.345856 260.978027
310.791962 257.551666
312.238098 254.103821
313.684204 250.783844
315.130310 247.416199
316.576447 241.263748
318.022552 235.610260
319.468658 230.904663
320.914795 227.872101
322.360901 225.038544
323.807007 221.983978
325.253113 218.528549
326.699249 215.586456
328.145355 212.329300
329.591461 208.906433
331.037598 205.467209
332.483704 202.160934
333.929810 199.136978
335.375946 196.582306
336.822052 194.060440
338.268158 191.620682
339.714264 189.326538
341.160400 187.241531
342.606506 185.429138
344.052612 183.947586
345.498749 182.667648
346.944855 181.697525
348.390961 181.037231
349.837097 180.686737
351.283203 180.646057
352.729309 180.915207
354.175446 181.514771
355.621552 182.528412
357.067657 183.851059
358.513763 185.364761
359.959900 186.951584
361.406006 188.493576
362.852112 189.872787
364.298248 192.048508
365.744354 194.175003
367.190460 196.488281
368.636597 200.229736
370.082703 205.979935
371.528809 211.504593
372.974915 216.132675
374.421051 220.826050
375.867157 224.713730
377.313263 233.564163
378.759399 242.436768
380.205505 247.254333
381.651611 253.402512
383.097748 261.413452
384.543854 268.408417
385.989960 274.963135
387.436096 280.697510
388.882202 287.699768
390.328308 295.665131
391.774414 302.744598
393.220551 309.270660
394.666656 315.714630
396.112762 320.804993
397.558899 324.927490
399.005005 328.510010
400.451111 332.155457
401.897247 336.667816
403.343353 341.368347
404.789459 346.441589
406.235565 348.960938
407.681702 350.542664
409.127808 351.944122
410.573914 353.267242
412.020050 354.002838
413.466156 354.025818
414.912262 353.745148
416.358398 353.240204
417.804504 352.590271
419.250610 351.875854
420.696747 351.174774
422.142853 350.403900
423.588959 349.430939
425.035065 348.123657
426.481201 346.008911
427.927307 341.977783
429.373413 337.552155
430.819550 334.256256
432.265656 333.654785
433.711761 331.074310
435.157898 327.597778
436.604004 323.621918
438.050110 319.543518
439.496216 315.479370
440.942352 310.784668
442.388458 305.960419
443.834564 301.342590
445.280701 297.123138
446.726807 293.144379
448.172913 289.643341
449.619049 286.039429
451.065155 282.392395
452.511261 278.608673
453.957397 274.812744
455.403503 271.298584
456.849609 265.660065
458.295715 259.046997
459.741852 253.761520
461.187958 248.062790
462.634064 243.418304
464.080200 239.601074
465.526306 235.867554
466.972412 232.679779
468.418549 230.544800
469.864655 229.320740
471.310760 228.617401
472.756897 228.408325
474.203003 228.667053
475.649109 229.341370
477.095215 230.471130
478.541351 232.009323
479.987457 233.831940
481.433563 235.814926
482.879700 237.834244
484.325806 242.012573
485.771912 246.878098
487.218048 251.947266
488.664154 258.279816
490.110260 264.689056
491.556366 273.491760
493.002502 281.199829
494.448608 287.930115
495.894714 294.338623
497.340851 302.603668
498.786957 311.080444
500.233063 314.566711
501.679199 316.313049
503.125305 319.191711
504.571411 321.875580
506.017548 325.168060
507.463654 328.696991
508.909760 332.090302
510.355865 334.975830
511.802002 339.389954
513.248108 342.073334
514.694214 342.583496
516.140320 343.186890
517.586426 343.817413
519.032593 344.408905
520.478699 344.895294
521.924805 345.210388
523.370911 345.288086
524.817017 345.062286
526.263123 344.466827
527.709290 342.983276
529.155396 340.169556
530.601501 336.508972
532.047607 332.178711
533.493713 327.355988
534.939819 322.217987
536.385925 318.386169
537.832092 314.148926
539.278198 309.585388
540.724304 304.847839
542.170410 300.088531
543.616516 295.459717
545.062622 291.113617
546.508789 287.202576
547.954895 280.079437
549.401001 273.107483
550.847107 265.898224
552.293213 256.785645
553.739319 246.861374
555.185425 236.963409
556.631592 228.936081
558.077698 220.750259
559.523804 212.043060
560.969910 205.014740
562.416016 198.897491
563.862122 192.554596
565.308228 185.968307
566.754395 179.120926
568.200500 171.990448
569.646606 164.345184
571.092712 156.251038
572.538818 147.973785
573.984924 139.779221
575.431091 131.933167
576.877197 95.647499
578.323303 70.865150
579.769409 59.403152
581.215515 47.441402
582.661621 29.301844
584.107727 19.445087
585.553894 13.862919
587.000000 10.000023
