100 5.909091
1.000000 16.000000
6.909091 15.933868
12.818182 21.750078
18.727272 27.261457
24.636364 32.381153
30.545456 39.352299
36.454544 50.997841
42.363636 61.905632
48.272728 76.127411
54.181820 97.444885
60.090912 126.927345
66.000000 142.000000
71.909088 144.518997
77.818184 137.779633
83.727272 128.491974
89.636368 114.072327
95.545456 97.007324
101.454544 91.151985
107.363640 96.397743
113.272728 111.932388
119.181824 142.970367
125.090912 170.419495
131.000000 197.046646
136.909088 210.513138
142.818176 219.738373
148.727280 229.196091
154.636368 224.506866
160.545456 214.353851
166.454544 200.099365
172.363632 183.850327
178.272736 162.235901
184.181824 138.744522
190.090912 119.249161
196.000000 104.999992
201.909088 108.115005
207.818192 122.509071
213.727280 147.818192
219.636368 184.268433
225.545456 227.015350
231.454544 256.432922
237.363647 260.024536
243.272736 254.565140
249.181824 244.556824
255.090912 225.043045
261.000000 199.296280
266.909088 183.094543
272.818176 172.377411
278.727264 167.966446
284.636353 176.877136
290.545471 193.558548
296.454559 199.336517
302.363647 205.032150
308.272736 217.679947
314.181824 236.987137
320.090912 250.860092
326.000000 264.424011
331.909088 279.812347
337.818176 306.980499
343.727264 334.662262
349.636383 353.504150
355.545471 361.027802
361.454559 365.026733
367.363647 366.828186
373.272736 358.909027
379.181824 348.832458
385.090912 337.740265
391.000000 319.279968
396.909088 299.575470
402.818176 277.369019
408.727264 251.040009
414.636383 227.655533
420.545471 227.669647
426.454559 234.393402
432.363647 248.205734
438.272736 258.114227
444.181824 259.284546
450.090912 257.953857
456.000000 252.624985
461.909088 245.113800
467.818176 228.588150
473.727295 213.547684
479.636383 198.746628
485.545471 187.564789
491.454559 177.131134
497.363647 163.263702
503.272736 152.437271
509.181824 146.095001
515.090942 136.584518
521.000000 131.712891
526.909119 131.951828
532.818176 134.224655
538.727295 134.713943
544.636353 132.264862
550.545471 121.995377
556.454529 109.653870
562.363647 95.463028
568.272705 82.990799
574.181824 58.665306
580.090942 34.954758
586.000000 -17.804852
